NOAA 15                 
1 25338U 98030A   15080.49548211  .00000174  00000-0  92487-4 0  9995
2 25338  98.7709  79.0858 0011690  66.0125 294.2277 14.25583130876340
NOAA 18                 
1 28654U 05018A   15080.49033188  .00000139  00000-0  10089-3 0  9993
2 28654  99.1797  71.0183 0013834 202.9362 157.1193 14.12165348506690
METOP-A                 
1 29499U 06044A   15080.47934250  .00000122  00000-0  75765-4 0  9994
2 29499  98.6858 141.2740 0001892  81.0799  44.3345 14.21496645436820
NOAA 19                 
1 33591U 09005A   15080.50670863  .00000243  00000-0  15764-3 0  9999
2 33591  98.9811  30.2196 0015046  59.3123 300.9529 14.11894416315128
METOP-B                 
1 38771U 12049A   15081.20924951  .00000136  00000-0  82093-4 0  9995
2 38771  98.7074 142.3656 0002161  94.6318 332.5406 14.21481556130061
SARAL                   
1 39086U 13009A   15080.55754792  .00000105  00000-0  54965-4 0  9996
2 39086  98.5436 269.6472 0000745 120.8383 239.2968 14.32253840107931
