BEIDOU G1               
1 36287U 10001A   15080.64542383 -.00000312  00000-0  10000-3 0  9998
2 36287   1.6053   9.1484 0003521 181.6309   0.3316  1.00266561 19008
BEIDOU G3               
1 36590U 10024A   15078.93405231 -.00000380  00000-0  10000-3 0  9994
2 36590   1.4686  26.7244 0004883 301.4215 295.7909  1.00269763 17591
BEIDOU IGSO 1           
1 36828U 10036A   15080.91263579 -.00000181  00000-0  10000-3 0  9998
2 36828  54.3317 201.6233 0038255 201.6536 223.9962  1.00260214 17057
BEIDOU G4               
1 37210U 10057A   15080.51373633 -.00000139  00000-0  10000-3 0  9999
2 37210   0.8706  49.2078 0005594 169.6500 304.7406  1.00272983 16133
BEIDOU IGSO 2           
1 37256U 10068A   15079.45860641 -.00000217  00000-0  10000-3 0  9999
2 37256  54.0824 320.7617 0030206 202.4124 299.6114  1.00268227 15624
BEIDOU IGSO 3           
1 37384U 11013A   15079.88035538 -.00000135  00000-0  10000-3 0  9997
2 37384  56.8379  81.5441 0026904 195.4417 338.5621  1.00283936 14500
BEIDOU IGSO 4           
1 37763U 11038A   15080.91024601 -.00000112  00000-0  10000-3 0  9995
2 37763  54.6486 203.8515 0033157 197.4866 198.5309  1.00256067 13483
BEIDOU IGSO 5           
1 37948U 11073A   15079.51991402 -.00000162  00000-0  10000-3 0  9990
2 37948  54.1799 320.2025 0029008 202.0855 298.5363  1.00276383 12226
BEIDOU G5               
1 38091U 12008A   15080.79510206  .00000030  00000-0  00000+0 0  9998
2 38091   1.0572  23.4426 0000267  84.1728  56.2557  1.00270119 11311
BEIDOU M3               
1 38250U 12018A   15080.24529957  .00000001  00000-0  10000-3 0  9992
2 38250  55.6982  81.7058 0024277 211.1658 244.4638  1.86233420 19820
BEIDOU M4               
1 38251U 12018B   15081.24633332 -.00000009  00000-0  10000-3 0  9996
2 38251  55.6351  81.1511 0026594 204.7599 248.1697  1.86234240 19844
BEIDOU M5               
1 38774U 12050A   15070.14168697  .00000031  00000-0  00000+0 0  9995
2 38774  54.7641 201.6980 0035194 165.5516 194.5245  1.86251231 17024
BEIDOU M6               
1 38775U 12050B   15080.74705245 -.00000003  00000-0  00000+0 0  9999
2 38775  54.8662 200.9337 0018202 213.7751  99.1670  1.86233123 17207
BEIDOU G6               
1 38953U 12059A   15080.75324219 -.00000164  00000-0  10000-3 0  9998
2 38953   0.1255 348.0388 0001003   8.2267 173.8295  1.00269609  8888
