CUTE-1 (CO-55)          
1 27844U 03031E   15080.66022604  .00000316  00000-0  16376-3 0  9998
2 27844  98.6978  90.4321 0009543 186.9787 289.0591 14.21741212608003
CUBESAT XI-IV (CO-57)   
1 27848U 03031J   15080.51992755  .00000275  00000-0  14596-3 0  9995
2 27848  98.7072  90.1552 0009329 194.7710 293.1778 14.21396539607898
CUBESAT XI-V (CO-58)    
1 28895U 05043F   15080.49427109  .00001116  00000-0  22814-3 0  9993
2 28895  97.8228 272.8502 0016480 210.7903 149.2334 14.62589957500778
NTS (CANX-6)            
1 32784U 08021B   15080.49837987  .00001609  00000-0  19286-3 0  9999
2 32784  97.6594 124.8103 0014621   4.5021 105.9186 14.85324956373045
CUTE-1.7+APD II (CO-65) 
1 32785U 08021C   15080.49353101  .00001837  00000-0  21315-3 0  9990
2 32785  97.6599 127.2548 0013361   2.8557 109.2683 14.86529116373209
COMPASS-1               
1 32787U 08021E   15080.79738111  .00002685  00000-0  28299-3 0  9993
2 32787  97.6616 131.1378 0012670 349.4814  10.6137 14.90089516373494
DELFI-C3 (DO-64)        
1 32789U 08021G   15081.15164400  .00005816  00000-0  49267-3 0  9997
2 32789  97.6830 142.5040 0010137 322.0336  90.4667 14.98334070374040
CANX-2                  
1 32790U 08021H   15080.41782402  .00001756  00000-0  20485-3 0  9995
2 32790  97.6555 126.2243 0014102   3.8029 121.1943 14.86345846373159
SEEDS II (CO-66)        
1 32791U 08021J   15080.77190147  .00001794  00000-0  19956-3 0  9997
2 32791  97.6617 129.2139 0013599 355.2029   4.9055 14.88287029373319
SWISSCUBE               
1 35932U 09051B   15080.85384675  .00001141  00000-0  27444-3 0  9998
2 35932  98.3971 199.0711 0006872 242.7636 117.2861 14.55202272291268
BEESAT                  
1 35933U 09051C   15080.85707825  .00000831  00000-0  20204-3 0  9997
2 35933  98.3979 199.9527 0004824 257.4080 102.6577 14.55417519291356
ITUPSAT 1               
1 35935U 09051E   15080.54203773  .00000890  00000-0  21894-3 0  9999
2 35935  98.4083 199.8772 0007254 248.3268 111.7157 14.54667919291189
TISAT 1                 
1 36799U 10035E   15080.94195230  .00002855  00000-0  31773-3 0  9994
2 36799  98.0124 180.3645 0014179 131.3119 290.5137 14.87877118253984
M-CUBED & EXP-1 PRIME   
1 37855U 11061F   15080.39185321  .00005389  00000-0  33354-3 0  9999
2 37855 101.7165 250.2349 0200136 329.4885  29.4798 14.95495644184022
AAUSAT3                 
1 39087U 13009B   15081.09979176  .00000778  00000-0  28863-3 0  9995
2 39087  98.6101 279.7857 0011972 202.9797 157.0830 14.34998986108166
STRAND-1                
1 39090U 13009E   15080.15690248  .00000259  00000-0  10714-3 0  9995
2 39090  98.6143 279.3322 0008778 199.8944 160.1900 14.34743932108024
BRITE-AUSTRIA           
1 39091U 13009F   15081.12311922  .00000184  00000-0  80603-4 0  9995
2 39091  98.6090 280.0013 0010008 206.7447 153.3223 14.34847911108177
UNIBRITE                
1 39092U 13009G   15080.77117617  .00000209  00000-0  89481-4 0  9992
2 39092  98.6089 279.4734 0008990 199.6913 160.3926 14.34719780108117
DOVE-2                  
1 39132U 13015C   15081.13018581  .00004898  00000-0  36052-3 0  9998
2 39132  64.8767 346.9687 0038066 254.0467 105.6414 15.03935027105330
AIST-2                  
1 39133U 13015D   15081.06088635  .00003301  00000-0  25626-3 0  9991
2 39133  64.8785 348.6223 0037557 254.5122 105.1844 15.02580667105295
SOMP                    
1 39134U 13015E   15081.14422442  .00006825  00000-0  41678-3 0  9998
2 39134  64.8747 335.7080 0033654 262.9515  96.7780 15.10601322105548
BEESAT-2                
1 39136U 13015G   15080.84717781  .00005790  00000-0  36866-3 0  9992
2 39136  64.8755 338.3969 0034521 262.5160  97.2040 15.09229988105479
NEE-01 PEGASUS          
1 39151U 13018B   15081.21179313  .00001402  00000-0  19834-3 0  9999
2 39151  98.0192 165.6819 0017940 170.5027 189.6526 14.78604969102610
CUBEBUG-1 (CAPITAN BETO)
1 39153U 13018D   15081.15454030  .00001613  00000-0  22549-3 0  9997
2 39153  98.0196 165.7791 0017840 170.4097 189.7458 14.78903398102614
ESTCUBE 1               
1 39161U 13021C   15081.20496655  .00001792  00000-0  30058-3 0  9997
2 39161  98.0742 164.8982 0008755 226.3733 133.6755 14.70915307100458
POPACS 1                
1 39268U 13055D   15081.16201953  .00013103  00000-0  40956-3 0  9999
2 39268  81.0091 133.8120 0713641  77.0539 290.9298 14.16081627 75692
POPACS 2                
1 39269U 13055E   15080.13373545  .00009698  00000-0  30288-3 0  9994
2 39269  81.0158 137.1450 0742655  87.4337 281.1557 14.09946152 75390
POPACS 3                
1 39270U 13055F   15080.15386289  .00006563  00000-0  20957-3 0  9997
2 39270  80.9936 138.4260 0757305  91.3069 277.4893 14.06308622 75326
PHONESAT 2.4            
1 39381U 13064B   15079.92075972  .00022176  00000-0  57181-3 0  9994
2 39381  40.4990 271.7072 0011042 350.0008  10.0586 15.38566487 74343
ORSES                   
1 39386U 13064G   15079.91379320  .00039839  00000-0  81401-3 0  9998
2 39386  40.4964 261.7377 0011309 348.5595  11.4964 15.45309227 74154
ORS TECH 1              
1 39387U 13064H   15080.82433441  .03939262  70417-5  21741-2 0  9992
2 39387  40.4996 216.8827 0012367   0.7618 359.3235 16.18298803 75041
PROMETHEUS 1-4          
1 39390U 13064L   15080.83476204  .00041125  00000-0  80242-3 0  9998
2 39390  40.4963 254.6066 0012111 359.1798   0.8998 15.46628615 73793
PROMETHEUS 1-2          
1 39391U 13064M   15080.51063919  .00042883  00000-0  83385-3 0  9992
2 39391  40.4963 256.5519 0012131 356.5892   3.4841 15.46713540 72502
PROMETHEUS 1-5          
1 39393U 13064P   15080.79825770  .00044506  00000-0  84413-3 0  9992
2 39393  40.5151 254.1713 0012698   7.8844 352.2172 15.47412388 73752
PROMETHEUS 1-6          
1 39394U 13064Q   15080.81631180  .00043060  00000-0  83557-3 0  9998
2 39394  40.5133 255.1669 0013054   5.6955 354.4009 15.46759548 73710
ORS TECH 2              
1 39396U 13064S   15080.63470442  .00567983  00000-0  19878-2 0  9991
2 39396  40.5021 223.6151 0019798  16.5873 343.5602 15.86727988 74058
FIREFLY                 
1 39404U 13064AA  15080.92712483  .00016812  00000-0  45801-3 0  9993
2 39404  40.5137 268.6743 0007310 345.9912  14.0699 15.37030075 73901
VERMONT LUNAR           
1 39407U 13064AD  15080.72050441  .00043570  00000-0  81765-3 0  9993
2 39407  40.5184 254.5979 0011954   0.3994 359.6832 15.47734199 72378
PROMETHEUS 1-3          
1 39408U 13064AE  15080.80605417  .00041579  00000-0  80510-3 0  9996
2 39408  40.4973 254.4059 0011973   1.0361 359.0480 15.46847774 74490
ZACUBE-1 (TSHEPISOSAT)  
1 39417U 13066B   15080.75395182  .00001573  00000-0  21117-3 0  9995
2 39417  97.7393 146.5287 0062007  62.2029 298.5450 14.79376526 71701
WNISAT-1                
1 39423U 13066H   15081.09782456  .00001204  00000-0  24976-3 0  9991
2 39423  97.7153 126.5551 0178296 115.1670 246.8140 14.52275667 70461
CINEMA-2 (KHUSAT-2)     
1 39424U 13066J   15080.75092011  .00001493  00000-0  23306-3 0  9991
2 39424  97.7309 140.4144 0095905  76.2829 284.9033 14.71216530 71310
CINEMA-3 (KHUSAT-2)     
1 39426U 13066L   15081.15445695  .00001267  00000-0  20856-3 0  9994
2 39426  97.7266 138.6953 0107655  80.4768 280.8585 14.68390683 71243
TRITON-1                
1 39427U 13066M   15081.14961904  .00001459  00000-0  24601-3 0  9995
2 39427  97.7257 136.9862 0117771  85.1622 276.3019 14.66389051 71118
GOMX 1                  
1 39430U 13066Q   15081.11911427  .00002310  00000-0  43643-3 0  9995
2 39430  97.7195 130.4802 0155179 103.7781 258.0769 14.57797811 70691
BRITE-PL                
1 39431U 13066R   15081.10266721  .00000599  00000-0  13811-3 0  9996
2 39431  97.7103 122.2715 0205029 128.3543 233.6274 14.46381142 70179
HUMSAT-D                
1 39433U 13066T   15081.17644918  .00002677  00000-0  28908-3 0  9995
2 39433  97.7473 153.4714 0033755  51.2111 309.2113 14.88780478 72160
EAGLE 2                 
1 39436U 13066W   15080.41129004  .00019903  00000-0  15091-2 0  9996
2 39436  97.7533 156.3108 0023353  42.8679 317.4361 15.02058130 72297
VELOX-PII               
1 39438U 13066Y   15080.43752622  .00001111  00000-0  15991-3 0  9990
2 39438  97.7366 144.0842 0073780  67.7078 293.1934 14.76435410 71521
CUBEBUG-2 (LO-74)       
1 39440U 13066AA  15080.18041170  .00001808  00000-0  26598-3 0  9992
2 39440  97.7345 142.0523 0083912  72.6729 288.3638 14.74220572 71370
NEE-02 KRYSAOR          
1 39441U 13066AB  15080.73825346  .00001362  00000-0  20439-3 0  9992
2 39441  97.7341 142.3590 0084836  71.5053 289.5352 14.73707033 71397
FUNCUBE-1 (AO-73)       
1 39444U 13066AE  15080.81502339  .00002044  00000-0  26947-3 0  9996
2 39444  97.7395 146.7592 0061456  61.4412 299.2967 14.79835135 70490
UWE-3                   
1 39446U 13066AG  15080.46237711  .00001707  00000-0  24045-3 0  9990
2 39446  97.7365 144.2005 0073411  67.3425 293.5528 14.76708399 70302
BRITE-TORONTO           
1 40020U 14033L   15081.12694609  .00001086  00000-0  19622-3 0  9997
2 40020  97.9461 332.2177 0089413  45.3793 315.4661 14.65851952 40225
DUCHIFAT-1              
1 40021U 14033M   15081.14539197  .00004447  00000-0  49669-3 0  9998
2 40021  97.9619 341.4748 0014831 108.0298 252.2573 14.87416653 40865
NANOSATC-BR1            
1 40024U 14033Q   15081.18045290  .00004211  00000-0  47462-3 0  9999
2 40024  97.9590 341.3693 0014127 104.1262 256.1471 14.87083697 40868
QB50P1                  
1 40025U 14033R   15081.14052087  .00002940  00000-0  33613-3 0  9998
2 40025  97.9623 341.2649 0014296 106.8084 253.4706 14.86732752 40867
FLOCK 1C-7              
1 40026U 14033S   15081.18360138  .00003069  00000-0  34881-3 0  9993
2 40026  97.9672 341.5580 0013249 107.4054 252.8584 14.86950343 40876
FLOCK 1C-1              
1 40027U 14033T   15081.20335624  .00002737  00000-0  31092-3 0  9991
2 40027  97.9684 341.5328 0014340 105.6306 254.6489 14.87057475 40872
POPSAT-HIP-1            
1 40028U 14033U   15081.10309016  .00003378  00000-0  38656-3 0  9992
2 40028  97.9636 341.2847 0015800 104.6518 255.6480 14.86582406 40844
FLOCK 1C-2              
1 40029U 14033V   15081.14924579  .00002912  00000-0  33082-3 0  9995
2 40029  97.9653 341.4344 0015187 102.3328 257.9667 14.86996476 40859
FLOCK 1C-4              
1 40031U 14033X   15081.14315164  .00002688  00000-0  30626-3 0  9993
2 40031  97.9651 341.4483 0015945 101.5023 258.8027 14.86928650 40847
QB50P2                  
1 40032U 14033Y   15081.21605442  .00002998  00000-0  34622-3 0  9997
2 40032  97.9602 341.1581 0013763 100.5499 259.7292 14.86303008 40862
FLOCK 1C-11             
1 40033U 14033Z   15080.95355999  .00002274  00000-0  25987-3 0  9998
2 40033  97.9686 341.2602 0014275  98.7462 261.5386 14.86990734 40837
ANTELSAT                
1 40034U 14033AA  15081.13543786  .00002637  00000-0  41219-3 0  9992
2 40034  97.9548 335.0640 0061212  39.6159 320.9519 14.72389676 40489
FLOCK 1C-9              
1 40035U 14033AB  15081.16396976  .00002353  00000-0  26884-3 0  9999
2 40035  97.9673 341.4918 0013555  96.1140 264.1732 14.86963222 40850
FLOCK 1C-6              
1 40036U 14033AC  15081.17431859  .00006334  00000-0  71042-3 0  9990
2 40036  97.9679 341.5042 0013438  93.2970 266.9906 14.87091961 40862
PERSEUS-M2              
1 40037U 14033AD  15080.96533031  .00001528  00000-0  18346-3 0  9990
2 40037  97.9646 340.8846 0015832  99.9746 260.3272 14.85413980 40800
FLOCK 1C-5              
1 40038U 14033AE  15081.19024176  .00004819  00000-0  54322-3 0  9992
2 40038  97.9680 341.4501 0016682  97.9097 262.3969 14.86971620 40856
PERSEUS-M1              
1 40039U 14033AF  15081.16537261  .00001516  00000-0  18361-3 0  9998
2 40039  97.9673 340.9892 0015890  94.5156 265.7897 14.85053937 40831
FLOCK 1C-8              
1 40040U 14033AG  15080.97895900  .00006716  00000-0  74708-3 0  9999
2 40040  97.9697 341.3024 0015449  89.8475 270.4486 14.87389469 40822
FLOCK 1C-3              
1 40041U 14033AH  15081.12974459  .00003566  00000-0  40388-3 0  9992
2 40041  97.9681 341.4093 0014692  93.5643 266.7303 14.86975942 40845
POLYITAN-1              
1 40042U 14033AJ  15080.97579582  .00003887  00000-0  45014-3 0  9990
2 40042  97.9686 340.9684 0016858  92.8859 267.4280 14.85984925 40806
TIGRISAT                
1 40043U 14033AK  15081.04952147  .00001837  00000-0  28515-3 0  9992
2 40043  97.9535 335.2728 0062212  42.6667 317.9360 14.73028818 40347
LEMUR-1                 
1 40044U 14033AL  15080.93320789  .00001681  00000-0  26255-3 0  9997
2 40044  97.9552 335.1285 0061648  43.5568 317.0485 14.72892981 40333
AEROCUBE 6A             
1 40045U 14033AM  15080.95249058  .00003844  00000-0  58940-3 0  9998
2 40045  97.9578 335.0131 0061833  40.0351 320.5396 14.72927133 40180
AEROCUBE 6B             
1 40046U 14033AN  15080.95290081  .00003747  00000-0  57477-3 0  9997
2 40046  97.9572 335.0001 0061421  39.5717 320.9961 14.72939662 40310
UKUBE-1                 
1 40074U 14037F   15081.13463791  .00003298  00000-0  42526-3 0  9993
2 40074  98.3668 149.4649 0005404 153.7982 206.3556 14.81755181 37943
BRITE-PL 2              
1 40119U 14049B   15081.16658270  .00001574  00000-0  19893-3 0  9993
2 40119  97.9946 157.8875 0016843 232.2546 127.7198 14.83236265 31861
FLOCK 1B-24             
1 40122U 98067EU  15074.45434234  .20849438  12425-4  13950-2 0  9991
2 40122  51.5795 167.7115 0002901 280.8788  79.5697 16.40664206 68321
FLOCK 1B-2              
1 40132U 98067FB  15072.67229138  .11097697  12258-4  17862-2 0  9991
2 40132  51.6069 174.9053 0003844 333.5943 173.4378 16.32838194 31986
FIREBIRD 4              
1 40378U 15003C   15081.04230808  .00012996  00000-0  67320-3 0  9999
2 40378  99.1259  98.4941 0163182 177.9175 182.2164 15.05487510  7436
GRIFEX                  
1 40379U 15003D   15080.98254495  .00010323  00000-0  54217-3 0  9993
2 40379  99.1254  98.4123 0162628 179.6455 180.4772 15.05179651  7426
EXOCUBE                 
1 40380U 15003E   15080.99011522  .00008998  00000-0  47528-3 0  9990
2 40380  99.1292  98.4200 0164181 178.6778 181.4714 15.04858601  7424
AESP 14                 
1 40389U 98067FM  15076.68628538  .00145791  00000-0  14373-2 0  9996
2 40389  51.6431 179.6431 0003663  37.9911 105.4554 15.64951905 11792
FLOCK 1B-27             
1 40422U 98067FN  15081.06966594  .00050430  00000-0  64128-3 0  9998
2 40422  51.6464 158.8277 0003972 107.5310 322.1635 15.58856660 12449
FLOCK 1B-28             
1 40423U 98067FP  15081.07387950  .00056496  00000-0  72770-3 0  9993
2 40423  51.6453 158.8514 0004654 120.1940 312.0795 15.58464502 12445
FLOCK 1B-21             
1 40427U 98067FQ  15081.07172406  .00043279  00000-0  54767-3 0  9996
2 40427  51.6469 158.8394 0005909  87.3904 344.4954 15.59043538 12472
FLOCK 1B-22             
1 40428U 98067FR  15081.07974775  .00052150  00000-0  68663-3 0  9994
2 40428  51.6460 158.9021 0005724  91.1699 336.4528 15.57907712 12470
FLOCK 1B-10             
1 40429U 98067FS  15081.14621686  .00073046  00000-0  94078-3 0  9999
2 40429  51.6460 158.5571 0007217 136.9272 309.9642 15.58341718 12450
FLOCK 1B-9              
1 40430U 98067FT  15081.21473848  .00184218  00000-0  23149-2 0  9998
2 40430  51.6418 158.2323 0005920 130.2107 330.9187 15.58527578 12469
FLOCK 1D-1              
1 40451U 98067FU  15081.21076355  .00086007  00000-0  11071-2 0  9991
2 40451  51.6437 158.2008 0005427 110.9217 347.6674 15.58297588 12474
FLOCK 1D-2              
1 40452U 98067FV  15081.20518921  .00048704  00000-0  65221-3 0  9990
2 40452  51.6477 158.3232 0008725 132.7298 254.5714 15.57460586 12474
FLOCK 1B-5              
1 40453U 98067FW  15080.76855418  .00062671  00000-0  84028-3 0  9991
2 40453  51.6437 160.5364 0009351 136.4917 309.4789 15.57313330 12394
FLOCK 1B-6              
1 40454U 98067FX  15081.21235147  .00133716  00000-0  17003-2 0  9991
2 40454  51.6361 158.2064 0005963 115.4715 343.5050 15.58407409 12460
TECHEDSAT 4             
1 40455U 98067FY  15081.14885376  .00620911  00000-0  44044-2 0  9992
2 40455  51.6419 157.8242 0012628  46.3568  41.3583 15.71463051 12488
GEARRS-1                
1 40456U 98067FZ  15080.05793627  .00047804  00000-0  64286-3 0  9994
2 40456  51.6490 164.0873 0007054  89.9443 334.6123 15.57370500 12309
MICROMAS                
1 40457U 98067GA  15078.65908178  .00133966  00000-0  17181-2 0  9993
2 40457  51.6423 171.0496 0009825 136.0870  19.1610 15.58145760 12069
LAMBDASAT               
1 40458U 98067GB  15078.51132846  .00233269  00000-0  27562-2 0  9991
2 40458  51.6514 171.7247 0008390 134.4523 315.6866 15.59958078 12045
FLOCK 1B-11             
1 40459U 98067GC  15081.20904899  .00053145  00000-0  71524-3 0  9998
2 40459  51.6477 158.3510 0006252 138.3363 250.1683 15.57310099 12489
FLOCK 1B-12             
1 40460U 98067GD  15081.21050321  .00041367  00000-0  56200-3 0  9990
2 40460  51.6462 158.3482 0005776 124.0882 267.6519 15.57170893 12488
