BEIJING 1               
1 28890U 05043A   15081.17658083  .00000376  00000-0  85494-4 0  9992
2 28890  97.8140 269.3571 0014852 206.3330 153.7097 14.60938935500979
HJ-1A                   
1 33320U 08041A   15081.21629699  .00001602  00000-0  23891-3 0  9998
2 33320  98.0399 143.6251 0027527 136.7792 223.5599 14.75987716352089
HJ-1B                   
1 33321U 08041B   15081.11762068  .00001708  00000-0  25309-3 0  9999
2 33321  98.0431 144.2490 0036030 153.4746 206.8343 14.76003605352058
YAOGAN 4                
1 33446U 08061A   15081.14516976  .00001116  00000-0  16926-3 0  9995
2 33446  97.6536 114.2967 0018617  82.0883 278.2428 14.75825115339333
DEIMOS-1                
1 35681U 09041A   15081.19296008  .00000566  00000-0  99593-4 0  9993
2 35681  98.0401 336.8706 0002889  70.8027 289.3477 14.71289230302845
UK-DMC 2                
1 35683U 09041C   15081.13174487  .00000512  00000-0  92097-4 0  9998
2 35683  97.9415 334.6125 0001512  90.6434 269.4959 14.70629499302753
RISAT 1                 
1 38248U 12017A   15081.12696201  .00001855  00000-0  12152-3 0  9991
2 38248  97.5616  89.2977 0003200   4.2420  82.3844 15.08936299159871
