SAUDISAT 1C             
1 27607U 02058C   15080.55492445  .00001108  00000-0  17932-3 0  9994
2 27607  64.5542 106.3446 0076724 305.5785  53.8182 14.74537356658363
SAUDISAT 2              
1 28371U 04025F   15081.15612577  .00000491  00000-0  12632-3 0  9992
2 28371  98.0182  53.1253 0025656 358.7613   1.3515 14.53979165568955
UNISAT 3                
1 28373U 04025H   15080.49205668  .00000456  00000-0  13931-3 0  9993
2 28373  98.2430  30.7309 0069391 176.0416 304.7219 14.44988509565651
SAUDISAT 3              
1 31118U 07012B   15081.13915835  .00000366  00000-0  70434-4 0  9991
2 31118  97.7402 108.0721 0015697  14.9834 345.1846 14.68833635424919
