LAGEOS 1                
1 08820U 76039A   15079.11688499 -.00000002  00000-0  00000+0 0  9993
2 08820 109.8229 212.4386 0043961 102.0392 164.2800  6.38664685651260
AJISAI (EGS)            
1 16908U 86061A   15080.54876387 -.00000080  00000-0  12467-3 0  9999
2 16908  50.0085 171.7227 0011493 170.2786 318.2037 12.44480093969508
LAGEOS 2                
1 22195U 92070B   15079.13050906 -.00000009  00000-0  00000+0 0  9992
2 22195  52.6752 342.3729 0138376 191.5052   0.7727  6.47293750529742
STELLA                  
1 22824U 93061B   15080.86573653 -.00000020  00000-0  10183-4 0  9994
2 22824  98.7120  24.9750 0005276 269.0534 123.5101 14.27350946119277
GRACE-1                 
1 27391U 02012A   15080.21628760  .00014744  00000-0  20262-3 0  9998
2 27391  88.9927  78.5447 0011705 121.4342 300.3482 15.57093780729107
GRACE-2                 
1 27392U 02012B   15080.54856238  .00014093  00000-0  19358-3 0  9999
2 27392  88.9935  78.5401 0011892 121.1244   4.1147 15.57101613729159
LARES                   
1 38077U 12006A   15081.06457356 -.00000022  00000-0  10000-3 0  9994
2 38077  69.4888 104.1664 0010584 306.0743  53.9301 12.54930515142129
