GOES 1 [-]              
1 08366U 75100A   15081.17621159 -.00000221  00000-0  00000+0 0  9998
2 08366  13.1478 327.9242 0003412 214.1528 332.0357  1.00239742144045
GOES 2 [-]              
1 10061U 77048A   15079.86253113 -.00000275  00000-0  00000+0 0  9999
2 10061  14.1719 336.6145 0013389 293.5830 333.3387  0.99397217 82697
GOES 3 [P]              
1 10953U 78062A   15080.33185454 -.00000104  00000-0  00000+0 0  9993
2 10953  14.2160 340.1128 0003948 140.9160  67.8311  1.00271150 87758
GOES 4 [-]              
1 11964U 80074A   15080.40430609 -.00000065  00000-0  00000+0 0  9991
2 11964  14.8901 343.8167 0030786 353.6361 183.4945  0.99231751 86891
GOES 5 [-]              
1 12472U 81049A   15080.39539913 -.00000205  00000-0  00000+0 0  9991
2 12472  14.7553 353.8974 0003941 177.8597  58.0139  1.00210465 81793
GOES 6 [-]              
1 14050U 83041A   15080.39381491 -.00000232  00000-0  00000+0 0  9995
2 14050  14.8286 358.7202 0003989 132.6219 102.3346  1.00230292174898
GOES 7 [-]              
1 17561U 87022A   15080.53245295  .00000051  00000-0  00000+0 0  9993
2 17561  14.8892  14.6571 0001624 305.0346 248.9886  0.99903331 85962
GOES 8 [-]              
1 23051U 94022A   15079.67771633  .00000040  00000-0  00000+0 0  9993
2 23051  10.2227  47.2368 0005575 222.4057 217.9722  0.98902648 83503
GOES 9 [-]              
1 23581U 95025A   15080.38698380  .00000016  00000-0  00000+0 0  9995
2 23581   9.7411  46.2182 0004339  44.9610 113.8274  0.98798449 72181
GOES 10 [-]             
1 24786U 97019A   15079.96838060  .00000000  00000-0  00000+0 0  9994
2 24786   8.0284  50.2241 0028315 134.9947  62.9084  0.99120048 65363
GOES 11 [-]             
1 26352U 00022A   15079.83512071 -.00000212  00000-0  00000+0 0  9996
2 26352   3.2786  83.9879 0002534  60.9151 329.7281  0.99045230 54346
GOES 12 [-]             
1 26871U 01031A   15079.79142675 -.00000015  00000-0  00000+0 0  9998
2 26871   4.8077  66.9585 0007178 218.0375 262.5980  0.99134485 50022
GOES 13 [+]             
1 29155U 06018A   15080.98544675 -.00000276  00000-0  00000+0 0  9994
2 29155   0.3619 265.2344 0005103 145.0042  48.3068  1.00269672 32359
GOES 14 [S]             
1 35491U 09033A   15080.37641840 -.00000121  00000-0  00000+0 0  9998
2 35491   0.0734 120.5466 0000438 102.7331 346.4474  1.00272217 20998
GOES 15 [+]             
1 36411U 10008A   15079.55685672  .00000060  00000-0  00000+0 0  9995
2 36411   0.0307 219.9158 0002538 135.9124 247.3638  1.00281090 18503
