GORIZONT 1 [-]          
1 11158U 78118A   15078.09935905 -.00000232  00000-0  00000+0 0  9999
2 11158  18.0478 284.5569 3357378 158.9283 218.8830  1.00296838 81722
GORIZONT 2 [-]          
1 11440U 79062A   15080.72249675 -.00000265  00000-0  00000+0 0  9993
2 11440  13.8480 332.9445 0004589 200.2467 355.8566  1.00278815 96840
GORIZONT 3 [-]          
1 11648U 79105A   15079.83626054  .00000105  00000-0  00000+0 0  9993
2 11648  13.9266 334.1088 0015315 149.6346  36.0797  1.00253199 81285
GORIZONT 4 [-]          
1 11841U 80049A   15079.55452410 -.00000260  00000-0  00000+0 0  9992
2 11841  14.8237 338.2839 0003482 211.9797 326.0699  0.98630781193045
GORIZONT 5 [-]          
1 13092U 82020A   15080.07043784 -.00000006  00000-0  00000+0 0  9990
2 13092  15.4355 343.0524 0035904 141.3969 144.0205  0.98529752 81131
GORIZONT 6 [-]          
1 13624U 82103A   15079.21720590  .00000053  00000-0  00000+0 0  9995
2 13624  14.2875 342.9461 0004678 162.4160 298.0398  1.00278665 79740
GORIZONT 7 [-]          
1 14160U 83066A   15076.08086694 -.00000044  00000-0  00000+0 0  9993
2 14160  15.3097 350.3981 0012281 231.3324  29.4214  0.98346693114365
GORIZONT 8 [-]          
1 14532U 83118A   15077.15293451 -.00000209  00000-0  00000+0 0  9997
2 14532  15.3278 351.9212 0026992  83.8258 123.6273  0.98270801 80151
GORIZONT 9 [-]          
1 14940U 84041A   15079.89605494 -.00000078  00000-0  00000+0 0  9997
2 14940  14.5952 350.7298 0008080 165.6580  52.9870  1.00320510 80840
GORIZONT 10 [-]         
1 15144U 84078A   15080.14688876  .00000053  00000-0  00000+0 0  9991
2 15144  14.5948 351.7402 0003497 194.4791 268.9513  1.00182749113436
GORIZONT 11 [-]         
1 15484U 85007A   15079.61259503  .00000093  00000-0  00000+0 0  9996
2 15484  14.5982 353.4648 0003055 136.8556 314.2387  1.00168638111445
GORIZONT 12 [-]         
1 16769U 86044A   15079.96709956 -.00000367  00000-0  00000+0 0  9990
2 16769  14.7290 358.2809 0004692 181.9739  92.8726  1.00244181106099
GORIZONT 13 [-]         
1 17083U 86090A   15078.81240995 -.00000101  00000-0  00000+0 0  9993
2 17083  16.0209   3.8775 0014920 255.2921 306.0374  0.96724944 78936
GORIZONT 14 [-]         
1 17969U 87040A   15079.99154331 -.00000093  00000-0  00000+0 0  9990
2 17969  15.7906 356.3979 0031069 108.0246 116.8181  0.97657677 79741
GORIZONT 15 [-]         
1 19017U 88028A   15079.32963910 -.00000182  00000-0  00000+0 0  9990
2 19017  15.9330   7.4633 0036288  89.0115 165.1325  0.97829126 79312
GORIZONT 16 [-]         
1 19397U 88071A   15080.22357431 -.00000300  00000-0  00000+0 0  9997
2 19397  14.8733   6.5061 0011316 337.5895 212.5802  0.99974211 97184
GORIZONT 17 [-]         
1 19765U 89004A   15080.72826986  .00000035  00000-0  00000+0 0  9998
2 19765  15.0984   9.3106 0020645  65.9417  72.3363  0.99062897 94899
GORIZONT 18 [-]         
1 20107U 89052A   15080.65490230  .00000065  00000-0  00000+0 0  9997
2 20107  14.9900  10.7159 0036040 239.2370 222.7318  0.99396935 93591
GORIZONT 19 [-]         
1 20263U 89081A   15080.07222237  .00000106  00000-0  00000+0 0  9994
2 20263  14.7773  10.2874 0005432 179.3717  52.5276  1.00302345 93316
GORIZONT 20 [-]         
1 20659U 90054A   15079.07063262  .00000048  00000-0  00000+0 0  9999
2 20659  14.8921  13.3173 0008581 128.8172 114.3949  1.00287587 90501
GORIZONT 21 [-]         
1 20923U 90094A   15081.12212407 -.00000130  00000-0  00000+0 0  9996
2 20923  14.8161  14.1286 0006775 161.8885  35.6186  1.00292309 89274
GORIZONT 22 [-]         
1 20953U 90102A   15079.36016352 -.00000305  00000-0  00000+0 0  9997
2 20953  14.7405  14.3872 0003423 214.3568 219.0520  1.00282214 89228
GORIZONT 23 [-]         
1 21533U 91046A   15081.12212407 -.00000249  00000-0  00000+0 0  9993
2 21533  15.0741  17.9629 0006277 211.5757 342.2632  0.98910422 80126
GORIZONT 24 [-]         
1 21759U 91074A   15080.31435065 -.00000153  00000-0  00000+0 0  9995
2 21759  15.0319  19.5099 0021296 155.9687  57.3988  0.98442990 84613
GORIZONT 25 [-]         
1 21922U 92017A   15080.58725479 -.00000063  00000-0  00000+0 0  9995
2 21922  14.6158  19.4517 0024515   6.7802 184.0932  0.99858236 83930
GORIZONT 26 [-]         
1 22041U 92043A   15080.19796723  .00000037  00000-0  00000+0 0  9994
2 22041  14.5843  20.9953 0033653 161.9487 286.7043  0.99241967 82748
GORIZONT 27 [-]         
1 22245U 92082A   15080.57761252  .00000040  00000-0  00000+0 0  9998
2 22245  14.5065  21.3762 0011233 275.6880 276.6081  1.00203740 86017
GORIZONT 28 [-]         
1 22880U 93069A   15077.60614926 -.00000163  00000-0  00000+0 0  9991
2 22880  14.2380  24.6824 0032686  62.8789 118.0010  0.99658804 78196
GORIZONT 29 [-]         
1 22907U 93072A   15078.49180439  .00000093  00000-0  00000+0 0  9991
2 22907  14.1945  24.4892 0010613 250.6281 288.9124  1.00135745 78061
GORIZONT 30 [-]         
1 23108U 94030A   15079.19403506 -.00000130  00000-0  00000+0 0  9994
2 23108  14.0990  25.5087 0004187 161.1722  48.8492  1.00266717 76307
GORIZONT 31 [-]         
1 23775U 96005A   15079.92524067 -.00000008  00000-0  00000+0 0  9999
2 23775  13.3582  30.9371 0022365 131.9192   1.9986  0.99896397 70038
GORIZONT 32 [-]         
1 23880U 96034A   15079.84131435  .00000101  00000-0  00000+0 0  9995
2 23880  13.2437  31.6599 0008360 249.3818 227.1965  1.00173684 68903
GORIZONT 33 [-]         
1 26372U 00029A   15081.01775007  .00000031  00000-0  00000+0 0  9996
2 26372  10.8741  40.6823 0001806  83.8079  69.7632  1.00317263 54247
