MTI                     
1 26102U 00014A   15080.99837928  .00017287  00000-0  53480-3 0  9993
2 26102  97.4758 215.7112 0011894 340.6351 156.7305 15.33487270828484
CFESAT                  
1 30777U 07006F   15080.51560346  .00009660  00000-0  42046-3 0  9991
2 30777  35.4264 205.2445 0003295 184.1671 175.9024 15.21534635442754
NFIRE                   
1 31140U 07014A   15080.43001560  .00013895  00000-0  31102-3 0  9990
2 31140  48.2170 195.2695 0012502 143.9712 330.6953 15.43552729448308
SPIRALE A               
1 33751U 09008C   15078.96981825  .00003662  00000-0  13109-2 0  9998
2 33751   2.0592 253.3289 5619144 258.2736 341.3563  4.57868602 73207
SPIRALE B               
1 33752U 09008D   15080.54090956  .00020992  00000-0  31619-2 0  9993
2 33752   2.0913  46.7039 7043352 300.1873   8.8527  2.59812173 53109
SAPPHIRE                
1 39088U 13009C   15080.76929097  .00000380  00000-0  15186-3 0  9999
2 39088  98.6085 278.7145 0011216 194.0584 166.0274 14.34012754108075
