RADUGA 1 [-]            
1 08513U 75123A   15080.61986973 -.00000190  00000-0  00000+0 0  9998
2 08513  11.7379 321.4845 0009205 155.5482   6.4772  1.00292499153775
RADUGA 2 [-]            
1 09416U 76092A   15080.61986973 -.00000183  00000-0  00000+0 0  9999
2 09416  12.3128 323.4469 0025732 269.6864 250.5195  1.00250705 88160
RADUGA 3 [-]            
1 10159U 77071A   15079.94731983 -.00000389  00000-0  00000+0 0  9994
2 10159  12.8147 325.7662 0011669 170.3899 137.3499  1.00273033135871
RADUGA 4 [-]            
1 10987U 78073A   15080.66474338  .00000065  00000-0  00000+0 0  9995
2 10987  13.2752 328.6068 0009676 258.1804 243.9043  1.00211682 78423
RADUGA 5 [-]            
1 11343U 79035A   15080.14716041 -.00000033  00000-0  00000+0 0  9990
2 11343  13.5985 330.8240 0004902 125.4769 200.1645  1.00263364 88148
RADUGA 6 [-]            
1 11708U 80016A   15079.99154331  .00000093  00000-0  00000+0 0  9990
2 11708  13.7943 333.2286 0005403 178.5598  68.7284  1.00240815 80978
RADUGA 7 [-]            
1 12003U 80081A   15079.15475429 -.00000255  00000-0  00000+0 0  9994
2 12003  13.8675 334.8172 0011622 201.3872  26.5966  1.00247913 82237
RADUGA 8 [-]            
1 12351U 81027A   15079.55424968 -.00000363  00000-0  00000+0 0  9997
2 12351  14.1447 335.7094 0088433 152.0329  18.0426  1.00373527 81305
RADUGA 9 [-]            
1 12618U 81069A   15080.72003126  .00000107  00000-0  00000+0 0  9994
2 12618  14.2009 337.7217 0002493 131.5294   6.0034  1.00300724 87161
RADUGA 10 [-]           
1 12897U 81102A   15077.88715402 -.00000092  00000-0  00000+0 0  9995
2 12897  14.2295 338.4508 0006818 140.0567  89.4366  1.00249363 76208
RADUGA 11 [-]           
1 13669U 82113A   15078.10692500 -.00000191  00000-0  00000+0 0  9995
2 13669  15.4058 348.8945 0043267 180.6958  36.9189  0.97709610 81385
RADUGA 12 [-]           
1 13974U 83028A   15080.94719779 -.00000222  00000-0  00000+0 0  9998
2 13974  14.6737 346.6002 0001517 166.7372  91.8780  1.00275277128219
RADUGA 13 [-]           
1 14307U 83088A   15080.55443656 -.00000159  00000-0  00000+0 0  9999
2 14307  15.4814 350.6699 0013386 325.8143 258.9005  0.98174640 78637
RADUGA 14 [-]           
1 14725U 84016A   15080.07043784 -.00000035  00000-0  00000+0 0  9993
2 14725  14.5909 349.5660 0003680 119.3002 159.9624  1.00258502 76906
RADUGA 15 [-]           
1 15057U 84063A   15079.97785810  .00000106  00000-0  00000+0 0  9992
2 15057  14.6214 350.5592 0005011 123.2005  95.5325  1.00197328 99915
RADUGA 16 [-]           
1 15946U 85070A   15080.40413075  .00000059  00000-0  00000+0 0  9996
2 15946  14.6793 354.6826 0003534 166.7587 352.3178  1.00295986 81048
RADUGA 17 [-]           
1 16250U 85107A   15080.41768904 -.00000272  00000-0  00000+0 0  9999
2 16250  14.6852 355.8078 0013092 123.4277 178.0808  1.00174635110673
RADUGA 18 [-]           
1 16497U 86007A   15079.95210574 -.00000039  00000-0  00000+0 0  9995
2 16497  15.2904 357.9655 0074222  93.9340 157.3368  0.98810216105335
RADUGA 19 [-]           
1 17046U 86082A   15080.35245652 -.00000021  00000-0  00000+0 0  9991
2 17046  15.3505   1.3484 0011696  92.8090  96.7502  0.98458774102521
RADUGA 20 [-]           
1 17611U 87028A   15080.68940718 -.00000156  00000-0  00000+0 0  9990
2 17611  17.0387   4.8641 0026686  71.9009 183.8090  0.95962876 98896
RADUGA 21 [-]           
1 18631U 87100A   15077.28490755 -.00000315  00000-0  00000+0 0  9994
2 18631  15.2321   3.6258 0003472 135.3285  82.2486  1.00235080 99874
RADUGA 22 [-]           
1 19596U 88095A   15079.32981897  .00000000  00000-0  10000-3 0  9993
2 19596  14.8115   7.0768 0005680 100.0125 260.0426  1.00381867 80516
RADUGA 23 [-]           
1 19928U 89030A   15078.72525749  .00000034  00000-0  00000+0 0  9997
2 19928  14.7681   8.7365 0020952  95.9211  27.8754  1.00353147 93652
RADUGA-1 1 [-]          
1 20083U 89048A   15080.44219093 -.00000007  00000-0  00000+0 0  9995
2 20083  15.2394  11.1585 0018780  50.9339 147.3045  0.98707014 90732
RADUGA 24 [-]           
1 20367U 89098A   15080.76705230 -.00000363  00000-0  00000+0 0  9998
2 20367  15.0730  11.4262 0003975 157.7121  31.2249  1.00271657 91875
RADUGA 25 [-]           
1 20499U 90016A   15080.33500190 -.00000311  00000-0  00000+0 0  9990
2 20499  14.7867  11.7725 0002898 132.1740  91.6182  1.00192968 91774
RADUGA 26 [-]           
1 21016U 90112A   15079.98484229 -.00000144  00000-0  00000+0 0  9990
2 21016  14.7463  14.8987 0003021  38.3077 197.7956  1.00223620 89061
RADUGA-1 2 [-]          
1 21038U 90116A   15079.84228440 -.00000301  00000-0  00000+0 0  9999
2 21038  14.7743  15.0277 0004714  52.3879 149.8367  1.00239663 88738
RADUGA 27 [-]           
1 21132U 91014A   15078.69027377 -.00000382  00000-0  00000+0 0  9999
2 21132  15.2864  15.4737 0001675  96.2291  76.5420  1.00315066 88116
RADUGA 28 [-]           
1 21821U 91087A   15078.00264123 -.00000274  00000-0  00000+0 0  9991
2 21821  14.6799  18.4115 0005547  74.6406 178.2031  1.00193382 85158
RADUGA 29 [-]           
1 22557U 93013A   15078.66160714  .00000109  00000-0  00000+0 0  9998
2 22557  14.4154  22.5723 0003316  61.7823  12.0886  1.00185513 80505
RADUGA 30 [-]           
1 22836U 93062A   15079.37664769  .00000000  00000-0  10000-3 0  9995
2 22836  14.2497  24.3178 0004276 194.2742 165.7066  1.00279716 78585
RADUGA-1 3 [-]          
1 22981U 94008A   15079.96167789 -.00000039  00000-0  00000+0 0  9990
2 22981  14.1984  25.5561 0002059 110.6566  92.8313  1.00325788 77336
RADUGA 31 [-]           
1 23010U 94012A   15081.09474850  .00000060  00000-0  00000+0 0  9999
2 23010  14.1677  25.4971 0002470  72.1429 168.9865  1.00226002 77178
RADUGA 32 [-]           
1 23448U 94087A   15079.38702338  .00000002  00000-0  10000-3 0  9991
2 23448  13.8576  28.0338 0007712 156.7200 203.3111  1.00276878 91757
RADUGA-1 4 [-]          
1 25642U 99010A   15078.02424437  .00000122  00000-0  00000+0 0  9999
2 25642  13.1094  40.8064 0004200 163.3734  16.4416  1.00257189 58776
RADUGA-1 5 [-]          
1 26477U 00049A   15074.93291919 -.00000185  00000-0  00000+0 0  9993
2 26477  10.7325  42.0255 0001000  58.7232 132.7842  1.00207667 53264
RADUGA-1 6 [-]          
1 26936U 01045A   15077.73647939 -.00000051  00000-0  00000+0 0  9990
2 26936  10.2536  46.9676 0017578 101.6608  17.8809  0.97743306 48412
RADUGA-1 7 [-]          
1 28194U 04010A   15080.09353772  .00000079  00000-0  00000+0 0  9994
2 28194   8.4083  54.5768 0003440 113.7732  61.1467  1.00256292 40229
RADUGA-1M 1 [-]         
1 32373U 07058A   15078.35259126  .00000029  00000-0  00000+0 0  9992
2 32373   1.4332  76.3053 0001465 291.5581 183.1209  0.99394030 27486
RADUGA-1 8 [+]          
1 34264U 09010A   15080.22533321  .00000056  00000-0  10000-3 0  9999
2 34264   4.1223  77.3919 0001201 320.6581 233.8622  1.00266413 22179
RADUGA-1M 2 [+]         
1 36358U 10002A   15080.83668697 -.00000211  00000-0  10000-3 0  9994
2 36358   0.0165 251.6796 0002483 155.4936 158.0208  1.00270333 18849
RADUGA-1M 3 [+]         
1 39375U 13062A   15080.08740383 -.00000067  00000-0  10000-3 0  9994
2 39375   0.0016 188.2825 0001958 197.6329 253.8256  1.00272982  4950
