SCD 1                   
1 22490U 93009B   15080.04549549  .00000460  00000-0  78413-4 0  9999
2 22490  24.9701 307.6916 0043045 329.0180 183.9899 14.44291112167047
TRMM                    
1 25063U 97074A   15080.20428647  .00071743  00000-0  43102-3 0  9995
2 25063  34.9515  87.4507 0004341 231.1947 227.0445 15.76514723988072
TECHSAT 1B (GO-32)      
1 25397U 98043D   15080.10518612  .00000084  00000-0  55330-4 0  9990
2 25397  98.5103  33.3552 0000897 160.5824 261.7168 14.23526358867264
SCD 2                   
1 25504U 98060A   15080.48559762  .00000415  00000-0  67658-4 0  9995
2 25504  24.9948 143.0519 0017386  20.1933 111.3821 14.43840497866483
LANDSAT 7               
1 25682U 99020A   15081.20058396  .00000497  00000-0  12049-3 0  9990
2 25682  98.2281 152.2313 0001114  80.5191 279.6153 14.57104817847474
DLR-TUBSAT              
1 25757U 99029B   15080.73242882  .00000197  00000-0  61234-4 0  9992
2 25757  98.4650 339.2624 0013460 283.2682  76.7012 14.51251636837751
QUIKSCAT                
1 25789U 99034A   15080.63646695  .00000064  00000-0  44024-4 0  9993
2 25789  98.6127 270.9124 0000314 112.4038 247.7176 14.27186901820427
IKONOS 2                
1 25919U 99051A   15081.15699249  .00000673  00000-0  10241-3 0  9997
2 25919  98.0867 156.5945 0010674 338.7089  21.3727 14.77216160828002
TERRA                   
1 25994U 99068A   15081.14497249  .00000586  00000-0  14010-3 0  9994
2 25994  98.2185 156.8904 0001407 100.7402 259.3953 14.57100771811541
EO-1                    
1 26619U 00075A   15081.12658582  .00000795  00000-0  16061-3 0  9996
2 26619  97.9399 133.5140 0010576 169.1418 191.0040 14.63908574763826
EROS A1                 
1 26631U 00079A   15080.93175241  .00039952  00000-0  12093-2 0  9995
2 26631  97.5563 168.6350 0006296 325.9119 122.9144 15.34054187793120
BADR-B                  
1 27003U 01056C   15080.07174899 -.00000014  00000-0  32700-4 0  9995
2 27003  99.2295 237.5240 0019483 308.4516 161.3281 13.70197103663925
MAROC-TUBSAT            
1 27004U 01056D   15080.17613007 -.00000024  00000-0  21341-4 0  9996
2 27004  99.2344 236.9304 0019081 310.1784 158.5928 13.70100518663892
SPOT 5                  
1 27421U 02021A   15081.08841166  .00000171  00000-0  10000-3 0  9993
2 27421  98.5227 139.8297 0001244  84.9204 330.6593 14.20119671667761
AQUA                    
1 27424U 02022A   15080.83762104  .00000804  00000-0  18848-3 0  9994
2 27424  98.2229  23.1412 0001648  93.1788 352.4557 14.57112664685109
IRS-P6 (RESOURCESAT-1)  
1 28051U 03046A   15081.02667052  .00000171  00000-0  97902-4 0  9992
2 28051  98.6956 160.6748 0004205 161.5870 198.5465 14.21636321593039
TANSUO 1 (TS 1)         
1 28220U 04012A   15080.52307163  .00003412  00000-0  30321-3 0  9994
2 28220  97.5879  42.3916 0011453  28.2207  83.6613 14.96726547593848
FORMOSAT-2 (ROCSAT 2)   
1 28254U 04018A   15081.21239983  .00000060  00000-0  69703-4 0  9991
2 28254  99.0027 147.5935 0001674 166.8448 262.8729 14.00773727554085
AURA                    
1 28376U 04026A   15080.62095521 -.00001797  00000-0 -38896-3 0  9995
2 28376  98.2273  25.1040 0001713  77.0202 283.1017 14.57112835568122
IRS-P5 (CARTOSAT-1)     
1 28649U 05017A   15081.16233249  .00001649  00000-0  20690-3 0  9997
2 28649  97.8036 154.4312 0001924 119.7599 240.3834 14.83493609534701
SINAH 1                 
1 28893U 05043D   15080.50742284  .00000486  00000-0  10784-3 0  9999
2 28893  97.8208 270.4780 0014675 211.8590 200.7995 14.61042716500899
EROS B                  
1 29079U 06014A   15081.25021627  .00016109  00000-0  78124-3 0  9990
2 29079  97.4539 200.1737 0013297  23.8501 358.8770 15.18508003493855
RESURS-DK 1             
1 29228U 06021A   15081.16074688  .00001383  00000-0  11466-3 0  9993
2 29228  69.9390  18.2445 0004945 194.3487 266.0847 15.01331376485283
ARIRANG-2 (KOMPSAT-2)   
1 29268U 06031A   15081.17323871  .00000825  00000-0  17434-3 0  9991
2 29268  98.1695 341.9857 0019560  51.4367 308.8572 14.61796855461467
LAPAN-TUBSAT            
1 29709U 07001A   15081.10329683  .00000666  00000-0  90890-4 0  9990
2 29709  97.6249  80.1610 0011414 250.8129 109.1851 14.81669111442823
CARTOSAT-2 (IRS-P7)     
1 29710U 07001B   15081.13159814  .00000983  00000-0  14087-3 0  9997
2 29710  97.9021 141.6341 0000742 179.8705 180.2520 14.78725116442302
HAIYANG-1B              
1 31113U 07010A   15081.12601457  .00000273  00000-0  12363-3 0  9998
2 31113  98.6855 132.9179 0014677 358.5087   1.6065 14.29719148414558
COSMO-SKYMED 1          
1 31598U 07023A   15081.08289281  .00000932  00000-0  12357-3 0  9996
2 31598  97.8817 266.3227 0001580  78.2656 281.8723 14.82166733421261
TERRASAR-X              
1 31698U 07026A   15081.08311951  .00001917  00000-0  94464-4 0  9994
2 31698  97.4461  89.4056 0001724  88.7608 271.3824 15.19147794430678
WORLDVIEW-1 (WV-1)      
1 32060U 07041A   15081.16952678  .00009447  00000-0  38343-3 0  9990
2 32060  97.8601 171.8483 0002779 260.8953 119.5948 15.24834036417638
YAOGAN 3                
1 32289U 07055A   15081.13478922  .00000577  00000-0  82589-4 0  9997
2 32289  97.9597  76.0587 0002083  83.2622 276.8824 14.80339721397689
COSMO-SKYMED 2          
1 32376U 07059A   15081.11666057  .00000310  00000-0  45493-4 0  9992
2 32376  97.8817 266.3529 0001387  95.7400 264.3945 14.82161822394015
RADARSAT-2              
1 32382U 07061A   15081.14711584 -.00000017  00000-0  10351-4 0  9991
2 32382  98.5764  89.6448 0001295  96.5558 351.6672 14.29982850379381
CARTOSAT-2A             
1 32783U 08021A   15081.17651069  .00000665  00000-0  97479-4 0  9991
2 32783  97.8998 141.5674 0013881  84.0625 276.2178 14.78702940372253
IMS-1                   
1 32786U 08021D   15081.13227069  .00002601  00000-0  32337-3 0  9992
2 32786  97.6666 119.9206 0013159  28.2674 331.9266 14.83314124372726
JASON 2 (OSTM)          
1 33105U 08032A   15080.48695752 -.00000038  00000-0  99664-4 0  9995
2 33105  66.0438  22.2447 0008072 274.4951 203.5531 12.80928562315732
RAPIDEYE 2              
1 33312U 08040A   15081.16185323  .00000959  00000-0  13363-3 0  9990
2 33312  97.8731 169.4171 0013431 120.5920 239.6636 14.79930455354384
RAPIDEYE 5              
1 33313U 08040B   15081.11905415  .00000873  00000-0  12215-3 0  9998
2 33313  97.8636 167.7722 0018136   9.9357 350.2220 14.79925146354327
RAPIDEYE 1              
1 33314U 08040C   15081.24259931  .00000988  00000-0  13708-3 0  9993
2 33314  97.8696 169.3042 0025125 136.3627 223.9589 14.79925846354385
RAPIDEYE 3              
1 33315U 08040D   15081.14515196  .00000928  00000-0  12945-3 0  9997
2 33315  97.8619 167.5472 0014520  76.4669 283.8175 14.79931550354335
RAPIDEYE 4              
1 33316U 08040E   15081.13110184  .00000899  00000-0  12570-3 0  9996
2 33316  97.8598 167.2003 0013438  30.7476 329.4548 14.79926712354329
HUANJING 1A (HJ-1A)     
1 33320U 08041A   15081.21629699  .00001602  00000-0  23891-3 0  9998
2 33320  98.0399 143.6251 0027527 136.7792 223.5599 14.75987716352089
HUANJING 1B (HJ-1B)     
1 33321U 08041B   15081.11762068  .00001708  00000-0  25309-3 0  9999
2 33321  98.0431 144.2490 0036030 153.4746 206.8343 14.76003605352058
GEOEYE 1                
1 33331U 08042A   15081.16026647  .00000693  00000-0  13977-3 0  9992
2 33331  98.1131 157.5042 0008543 321.0576  39.0016 14.64465290349394
THEOS                   
1 33396U 08049A   15081.18550721  .00000101  00000-0  68008-4 0  9997
2 33396  98.6722 149.2220 0001186  94.4112 357.7435 14.20062454335381
COSMO-SKYMED 3          
1 33412U 08054A   15081.17148939  .00000640  00000-0  86875-4 0  9995
2 33412  97.8816 266.4067 0001325  94.2918 265.8409 14.82166290346487
YAOGAN 4                
1 33446U 08061A   15081.14516976  .00001116  00000-0  16926-3 0  9995
2 33446  97.6536 114.2967 0018617  82.0883 278.2428 14.75825115339333
GOSAT (IBUKI)           
1 33492U 09002A   15081.17879593 -.00000259  00000-0 -37170-4 0  9996
2 33492  98.0647 191.3634 0001272  79.5027 280.6292 14.67547048329858
YAOGAN 6                
1 34839U 09021A   15081.16873953  .00005702  00000-0  24624-3 0  9991
2 34839  97.2524 152.3183 0030667 337.7329  50.3913 15.22459084327965
DEIMOS-1                
1 35681U 09041A   15081.19296008  .00000566  00000-0  99593-4 0  9993
2 35681  98.0401 336.8706 0002889  70.8027 289.3477 14.71289230302845
DUBAISAT-1              
1 35682U 09041B   15081.17543886  .00000822  00000-0  15124-3 0  9993
2 35682  97.9128 323.0819 0010539 241.0093 119.0050 14.68082884302162
OCEANSAT 2              
1 35931U 09051A   15080.84272339  .00000623  00000-0  16912-3 0  9991
2 35931  98.2677 176.1142 0002875 157.0608 312.7129 14.50850019290798
WORLDVIEW-2 (WV-2)      
1 35946U 09055A   15081.20952430  .00000232  00000-0  91399-4 0  9998
2 35946  98.3927 158.5723 0001519  69.9117 290.2248 14.37773970285973
SMOS                    
1 36036U 09059A   15080.55870645  .00000328  00000-0  11844-3 0  9999
2 36036  98.4450 268.9053 0001121  75.3092 284.8220 14.39774706282819
YAOGAN 7                
1 36110U 09069A   15081.11243803  .00000847  00000-0  13305-3 0  9996
2 36110  98.0985 222.1349 0023731 207.2779 152.7186 14.75055475284271
TANDEM-X                
1 36605U 10030A   15081.08311928  .00002814  00000-0  13714-3 0  9995
2 36605  97.4465  89.4360 0001346  88.0856 272.0533 15.19147115263419
CARTOSAT 2B             
1 36795U 10035A   15081.14424819  .00001040  00000-0  14853-3 0  9996
2 36795  97.9043 140.7520 0015209 152.3112 207.8932 14.78699099253299
YAOGAN 10               
1 36834U 10038A   15081.15654192  .00000934  00000-0  12921-3 0  9998
2 36834  97.8856  77.9670 0002012  80.0899 280.0542 14.80333209249430
COSMO-SKYMED 4          
1 37216U 10060A   15081.13354435  .00000712  00000-0  95978-4 0  9991
2 37216  97.8822 266.3668 0001361  77.8927 282.2427 14.82157862236568
SAC-D                   
1 37673U 11024A   15080.55362594  .00000584  00000-0  10022-3 0  9992
2 37673  98.0133  88.7852 0001621  99.6462  11.2422 14.72324388203049
HAIYANG 2A              
1 37781U 11043A   15080.86405011  .00000018  00000-0  60418-4 0  9996
2 37781  99.3470  92.9778 0001433  61.3608 298.7747 13.79299302181196
RASAT                   
1 37791U 11044D   15081.15912274  .00000549  00000-0  11296-3 0  9993
2 37791  98.1612 170.1607 0022197 170.6757 189.4877 14.64289818192043
MEGHA-TROPIQUES         
1 37838U 11058A   15081.12789057  .00000414  00000-0  84674-4 0  9990
2 37838  19.9783  42.4498 0010432  94.1050 266.0547 14.09702545177538
SRMSAT                  
1 37841U 11058D   15081.15260314  .00000420  00000-0  86155-4 0  9990
2 37841  19.9725  35.0642 0012095  97.0154  21.1588 14.10454395177647
YAOGAN 13               
1 37941U 11072A   15081.09438090  .00009514  00000-0  46370-3 0  9995
2 37941  97.4510   8.8692 0002647  78.0146  46.8116 15.18542309183556
PLEIADES 1A             
1 38012U 11076F   15081.20075968  .00000501  00000-0  11759-3 0  9993
2 38012  98.2002 157.0955 0001221  75.8112 284.3241 14.58554254173625
ZIYUAN 1-02C (ZY 1-02C) 
1 38038U 11079A   15081.13367514  .00000351  00000-0  13718-3 0  9997
2 38038  98.4360 156.1303 0001479  77.3208 282.8159 14.35404526170143
ZIYUAN 3 (ZY 3)         
1 38046U 12001A   15081.16530194  .00009297  00000-0  41862-3 0  9990
2 38046  97.3736 157.6509 0006093 107.1792 336.4590 15.21272556177580
RISAT 1                 
1 38248U 12017A   15081.12696201  .00001855  00000-0  12152-3 0  9991
2 38248  97.5616  89.2977 0003200   4.2420  82.3844 15.08936299159871
ARIRANG-3 (KOMPSAT-3)   
1 38338U 12025B   15081.16547552  .00000722  00000-0  15348-3 0  9990
2 38338  98.1209  20.2905 0012164   6.6416 353.4948 14.61907853151705
KANOPUS-V 1             
1 38707U 12039A   15081.19941753  .00003879  00000-0  18644-3 0  9997
2 38707  97.4731 357.3908 0002254  72.3542  66.3949 15.19407275147807
SPOT 6                  
1 38755U 12047A   15081.21618956  .00000481  00000-0  11326-3 0  9994
2 38755  98.1619 149.4063 0001124  79.1724 280.9624 14.58565345134701
PLEIADES 1B             
1 39019U 12068A   15081.09796079  .00000475  00000-0  11193-3 0  9995
2 39019  98.1700 156.9596 0001280  85.1544 274.9810 14.58565697122460
GOKTURK 2               
1 39030U 12073A   15081.16152063  .00000524  00000-0  10579-3 0  9993
2 39030  98.0807 337.7709 0014213 187.2305 172.8711 14.65340437120548
LANDSAT 8               
1 39084U 13008A   15081.09794219  .00000602  00000-0  14355-3 0  9991
2 39084  98.1860 152.2476 0000713  79.9906 280.1378 14.57122966111922
SARAL                   
1 39086U 13009A   15080.55754792  .00000105  00000-0  54965-4 0  9996
2 39086  98.5436 269.6472 0000745 120.8383 239.2968 14.32253840107931
GAOFEN 1                
1 39150U 13018A   15081.14204787  .00001027  00000-0  15453-3 0  9990
2 39150  98.0051 163.5118 0018539 166.5768 193.5956 14.76487725102533
VNREDSAT 1              
1 39160U 13021B   15081.17605864  .00000847  00000-0  17498-3 0  9999
2 39160  98.1551 158.8746 0001537  75.0403 285.0987 14.62881090100003
ARIRANG-5 (KOMPSAT-5)   
1 39227U 13042A   15081.10317162 -.00001361  00000-0 -92891-4 0  9995
2 39227  97.5992 268.1121 0005021 180.9325 328.2804 15.04513017 86685
SKYSAT-1                
1 39418U 13066C   15081.15074256  .00002512  00000-0  22175-3 0  9996
2 39418  97.7597 161.0605 0022882 144.8219 215.4533 14.97098344 72619
DUBAISAT-2              
1 39419U 13066D   15081.16796276  .00002012  00000-0  20093-3 0  9993
2 39419  97.7567 157.9306 0015039 110.1236 250.1650 14.92533764 72431
GPM-CORE                
1 39574U 14009C   15080.58139877  .00021987  00000-0  32220-3 0  9993
2 39574  65.0190 184.0223 0010723 258.4352 101.5595 15.55509338 60188
SENTINEL-1A             
1 39634U 14016A   15081.13282609  .00000047  00000-0  19729-4 0  9996
2 39634  98.1813  89.4429 0001352  80.3975 279.7382 14.59199088 51396
KAZEOSAT 1              
1 39731U 14024A   15081.11788519  .00000251  00000-0  89892-4 0  9997
2 39731  98.4911 156.8390 0001113  99.6888 260.4438 14.41991043 46994
ALOS-2                  
1 39766U 14029A   15081.16338189  .00002300  00000-0  31478-3 0  9992
2 39766  97.9189 179.2636 0001903 109.1745 250.9724 14.79466419 44659
KAZEOSAT 2              
1 40010U 14033A   15081.13523697  .00000878  00000-0  11678-3 0  9996
2 40010  97.9629 339.6676 0019899  61.2772 299.0455 14.82100667 40777
HODOYOSHI-4             
1 40011U 14033B   15081.15080401  .00001753  00000-0  23691-3 0  9991
2 40011  97.9607 338.6361 0028691  47.5523 312.8133 14.80064465 40719
DEIMOS-2                
1 40013U 14033D   15081.10924201  .00002039  00000-0  25242-3 0  9995
2 40013  97.9461 340.3501 0002572  91.3048 268.8474 14.83837712 40831
HODOYOSHI-3             
1 40015U 14033F   15081.14429336  .00001364  00000-0  19640-3 0  9995
2 40015  97.9582 337.4885 0038649  42.3262 318.0942 14.77482771 40659
SPOT 7                  
1 40053U 14034A   15081.18266477 -.00000045  00000-0  00000+0 0  9999
2 40053  98.1686 149.6300 0001080 104.1102 256.0230 14.58575230 38631
SKYSAT-2                
1 40072U 14037D   15081.15690014  .00001180  00000-0  16209-3 0  9990
2 40072  98.3647 149.0489 0007054 147.9200 212.2469 14.80352306 37925
WORLDVIEW-3 (WV-3)      
1 40115U 14048A   15081.14729987  .00001429  00000-0  17392-3 0  9991
2 40115  97.9602 156.3537 0000877 144.0027 216.1255 14.85015370 32704
YAOGAN 21               
1 40143U 14053A   15081.08209436  .00012158  00000-0  47444-3 0  9995
2 40143  97.3910 157.6443 0010782 230.8798 190.5961 15.26010330 29720
YAOGAN 22               
1 40275U 14063A   15081.13924633 -.00000044  00000-0  00000+0 0  9996
2 40275 100.3341 200.1942 0006788 136.2601 223.9054 13.15291032 20091
ASNARO                  
1 40298U 14070A   15081.22461823  .00013124  00000-0  61748-3 0  9998
2 40298  97.4637 164.2862 0001555 108.7376 335.9230 15.19685617 20644
HODOYOSHI-1             
1 40299U 14070B   15081.12479916  .00004533  00000-0  22262-3 0  9992
2 40299  97.4599 163.7593 0014749  78.6969   8.8639 15.18476184 20600
CHUBUSAT-1              
1 40300U 14070C   15081.16707566  .00007705  00000-0  39405-3 0  9995
2 40300  97.4582 163.3509 0024096  77.9763 338.5944 15.16667114 20580
QSAT-EOS                
1 40301U 14070D   15081.15346278  .00014074  00000-0  73906-3 0  9995
2 40301  97.4548 162.8615 0034686  77.8347 339.8015 15.15291776 20554
TSUBAME                 
1 40302U 14070E   15081.18728753  .00008412  00000-0  48176-3 0  9991
2 40302  97.4531 162.2975 0045602  79.1736 281.4513 15.11967105 20521
YAOGAN 23               
1 40305U 14071A   15081.13037528  .00009290  00000-0  45259-3 0  9997
2 40305  97.3481  27.3831 0003995  87.3331  31.9606 15.18555093 19323
YAOGAN 24               
1 40310U 14072A   15081.13581169  .00001174  00000-0  17544-3 0  9998
2 40310  97.9186 201.1949 0017071 182.7789 177.3325 14.76516087 17971
CBERS-4                 
1 40336U 14079A   15081.15256751  .00000167  00000-0  73548-4 0  9999
2 40336  98.5319 157.3259 0001240  58.1813 301.9510 14.35423576 15058
RESURS P2               
1 40360U 14087A   15081.11723647  .00005738  00000-0  17745-3 0  9999
2 40360  97.2862 176.6978 0006639 144.0315 335.1487 15.33868488 13093
YAOGAN 26               
1 40362U 14088A   15081.16260243  .00013725  00000-0  51655-3 0  9998
2 40362  97.4260 157.5480 0002628 331.2828 112.8737 15.27235930 12964
SMAP                    
1 40376U 15003A   15080.58647348  .00000670  00000-0  13864-3 0  9996
2 40376  98.1256  89.2746 0001520  73.9388 286.1974 14.63408763  7179
