SARSAT 7 (NOAA 15)      
1 25338U 98030A   15080.49548211  .00000174  00000-0  92487-4 0  9995
2 25338  98.7709  79.0858 0011690  66.0125 294.2277 14.25583130876340
GPS BIIR-07             
1 26690U 01004A   15080.48233411 -.00000004  00000-0  00000+0 0  9992
2 26690  53.0104 192.0355 0161224 246.7163 144.5281  2.00552075103597
METEOSAT-8 (MSG-1)      
1 27509U 02040B   15079.83530366 -.00000004  00000-0  00000+0 0  9999
2 27509   3.3769  61.3922 0001538 186.5714 234.3037  1.00274549 46076
GPS BIIR-08             
1 27663U 03005A   15079.57951209 -.00000075  00000-0  00000+0 0  9994
2 27663  56.7251  16.7740 0081390  13.2354 181.4276  2.00553100 88940
INSAT 3A                
1 27714U 03013A   15080.99775233 -.00000285  00000-0  00000+0 0  9992
2 27714   0.0359 125.4147 0004119 291.5018 214.9179  1.00269426 43780
GPS BIIR-11             
1 28190U 04009A   15079.61796977  .00000003  00000-0  00000+0 0  9999
2 28190  55.5115  78.4998 0109899  28.8895 111.2062  2.00559727 80610
GPS BIIR-12             
1 28361U 04023A   15079.52180251 -.00000004  00000-0  00000+0 0  9999
2 28361  54.3784 253.4252 0099828 206.1024  14.7621  2.00566373 78690
GPS BIIR-13             
1 28474U 04045A   15080.38054036  .00000024  00000-0  00000+0 0  9996
2 28474  53.8911 131.3777 0146806 228.8919 252.6468  2.00549859 76072
SARSAT 10 (NOAA 18)     
1 28654U 05018A   15080.49033188  .00000139  00000-0  10089-3 0  9993
2 28654  99.1797  71.0183 0013834 202.9362 157.1193 14.12165348506690
GPS BIIR-14M            
1 28874U 05038A   15080.18086412 -.00000006  00000-0  00000+0 0  9995
2 28874  55.6796  75.6220 0103217 244.7879 201.2123  2.00556597 69472
MSG-2                   
1 28912U 05049B   15081.22230987  .00000036  00000-0  00000+0 0  9996
2 28912   0.6708  51.3971 0000849 195.1734  22.1705  1.00276244 33933
GOES 13                 
1 29155U 06018A   15080.98544675 -.00000276  00000-0  00000+0 0  9994
2 29155   0.3619 265.2344 0005103 145.0042  48.3068  1.00269672 32359
SARSAT 11 (METOP-A)     
1 29499U 06044A   15080.47934250  .00000122  00000-0  75765-4 0  9994
2 29499  98.6858 141.2740 0001892  81.0799  44.3345 14.21496645436820
GPS BIIR-16M            
1 29601U 06052A   15080.23527984 -.00000076  00000-0  00000+0 0  9998
2 29601  56.6934  15.6792 0053166  28.6269  57.7466  2.00558925 61106
GPS BIIR-17M            
1 32260U 07047A   15080.33763679 -.00000009  00000-0  00000+0 0  9998
2 32260  53.5103 250.4588 0070311  20.5194 271.9523  2.00570387 54490
GPS BIIR-18M            
1 32384U 07062A   15080.34070294 -.00000007  00000-0  00000+0 0  9995
2 32384  55.7271  76.1485 0015517 311.1780 122.8922  2.00550157 53223
SARSAT 12 (NOAA 19)     
1 33591U 09005A   15080.50670863  .00000243  00000-0  15764-3 0  9999
2 33591  98.9811  30.2196 0015046  59.3123 300.9529 14.11894416315128
GOES 14                 
1 35491U 09033A   15080.37641840 -.00000121  00000-0  00000+0 0  9998
2 35491   0.0734 120.5466 0000438 102.7331 346.4474  1.00272217 20998
GOES 15                 
1 36411U 10008A   15079.55685672  .00000060  00000-0  00000+0 0  9995
2 36411   0.0307 219.9158 0002538 135.9124 247.3638  1.00281090 18503
ELEKTRO-L 1             
1 37344U 11001A   15080.87410858 -.00000126  00000-0  00000+0 0  9998
2 37344   0.7971  80.8509 0001760 198.3170 290.6741  1.00275231 15309
GLONASS-K 1             
1 37372U 11009A   15080.07606486  .00000038  00000-0  00000+0 0  9994
2 37372  65.0364  92.3912 0009318 242.7454 196.0519  2.13103069 31597
GPS BIIF-2              
1 37753U 11036A   15077.97025023  .00000036  00000-0  00000+0 0  9992
2 37753  55.1159 133.5424 0038925  18.9480 286.1769  2.00563931 26873
LUCH 5A                 
1 37951U 11074B   15080.50904883 -.00000076  00000-0  00000+0 0  9992
2 37951   2.4044 239.7184 0002388 133.1753 155.9586  1.00271661 12016
MSG-3                   
1 38552U 12035B   15080.83125716 -.00000034  00000-0  00000+0 0  9998
2 38552   0.1434 270.7516 0001160 185.5350  21.7399  1.00267169 10059
SARSAT 13 (METOP-B)     
1 38771U 12049A   15081.20924951  .00000136  00000-0  82093-4 0  9995
2 38771  98.7074 142.3656 0002161  94.6318 332.5406 14.21481556130061
GPS BIIF-3              
1 38833U 12053A   15080.02958591 -.00000040  00000-0  00000+0 0  9993
2 38833  54.6704 312.2445 0031000  14.6736 345.4695  2.00562603 17991
GSAT0103 (GALILEO-FM3)  
1 38857U 12055A   15078.62521529 -.00000011  00000-0  00000+0 0  9999
2 38857  55.0133 214.8070 0002673 198.3161 161.6118  1.70473457 15142
GSAT0104 (GALILEO-FM4)  
1 38858U 12055B   15078.55989188 -.00000011  00000-0  00000+0 0  9991
2 38858  55.0141 214.8073 0001932 181.8086 178.1282  1.70473526 15080
GPS BIIF-4              
1 39166U 13023A   15079.88195841 -.00000008  00000-0  10000-3 0  9993
2 39166  55.3846  72.9208 0020927   1.4436 358.5703  2.00562079 13516
INSAT-3D                
1 39216U 13038B   15080.00863692 -.00000183  00000-0  00000+0 0  9996
2 39216   0.0323 227.4834 0000662 174.1267 221.7345  1.00270072  6125
GPS BIIF-5              
1 39533U 14008A   15078.88202058 -.00000037  00000-0  00000+0 0  9990
2 39533  54.8136 317.4476 0010750 175.9805 184.0845  2.00553299  7868
LUCH 5V                 
1 39727U 14023A   15080.67625831 -.00000304  00000-0  00000+0 0  9997
2 39727   4.2208 301.4011 0003256  86.0554 129.9164  1.00269528521351
GPS BIIF-6              
1 39741U 14026A   15080.16086274  .00000029  00000-0  00000+0 0  9995
2 39741  55.1116 132.9669 0003100 197.2253 162.8480  2.00559746  6175
GPS BIIF-7              
1 40105U 14045A   15079.75201070 -.00000004  00000-0  00000+0 0  9992
2 40105  54.8918 252.8878 0002287 159.4955 200.4840  2.00567321  4619
GSAT0201                
1 40128U 14050A   15080.30620053 -.00000023  00000-0  00000+0 0  9993
2 40128  49.7647  78.0943 1562767  33.5310 335.4664  1.85520201  4081
GSAT0202                
1 40129U 14050B   15078.41816334 -.00000002  00000-0  00000+0 0  9999
2 40129  49.8243  77.1313 1561918  34.7086 334.5874  1.85520328  4247
GPS BIIF-8              
1 40294U 14068A   15080.12579867 -.00000003  00000-0  00000+0 0  9990
2 40294  54.9698 193.0715 0010209 205.9484 153.9929  2.00556398  2842
GLONASS-K 2             
1 40315U 14075A   15080.41084641 -.00000040  00000-0  00000+0 0  9996
2 40315  64.7900 333.9115 0016195 242.9911 216.6674  2.13101389  2367
