ISS (ZARYA)             
1 25544U 98067A   15081.16990069  .00017893  00000-0  26665-3 0  9991
2 25544  51.6476 158.7125 0007118 126.1062 321.7646 15.55149620934491
TIANGONG 1              
1 37820U 11053A   15081.09777752  .00054960  00000-0  37950-3 0  9990
2 37820  42.7678  75.9391 0011343 239.7347 198.1204 15.73634142199692
FLOCK 1B-24             
1 40122U 98067EU  15074.45434234  .20849438  12425-4  13950-2 0  9991
2 40122  51.5795 167.7115 0002901 280.8788  79.5697 16.40664206 68321
FLOCK 1B-2              
1 40132U 98067FB  15072.67229138  .11097697  12258-4  17862-2 0  9991
2 40132  51.6069 174.9053 0003844 333.5943 173.4378 16.32838194 31986
SPINSAT                 
1 40314U 98067FL  15080.86159781  .00021285  00000-0  29836-3 0  9990
2 40314  51.6488 159.8280 0005337 134.9923 225.1499 15.56699169 69057
AESP 14                 
1 40389U 98067FM  15076.68628538  .00145791  00000-0  14373-2 0  9996
2 40389  51.6431 179.6431 0003663  37.9911 105.4554 15.64951905 11792
FLOCK 1B-27             
1 40422U 98067FN  15081.06966594  .00050430  00000-0  64128-3 0  9998
2 40422  51.6464 158.8277 0003972 107.5310 322.1635 15.58856660 12449
FLOCK 1B-28             
1 40423U 98067FP  15081.07387950  .00056496  00000-0  72770-3 0  9993
2 40423  51.6453 158.8514 0004654 120.1940 312.0795 15.58464502 12445
FLOCK 1B-21             
1 40427U 98067FQ  15081.07172406  .00043279  00000-0  54767-3 0  9996
2 40427  51.6469 158.8394 0005909  87.3904 344.4954 15.59043538 12472
FLOCK 1B-22             
1 40428U 98067FR  15081.07974775  .00052150  00000-0  68663-3 0  9994
2 40428  51.6460 158.9021 0005724  91.1699 336.4528 15.57907712 12470
FLOCK 1B-10             
1 40429U 98067FS  15081.14621686  .00073046  00000-0  94078-3 0  9999
2 40429  51.6460 158.5571 0007217 136.9272 309.9642 15.58341718 12450
FLOCK 1B-9              
1 40430U 98067FT  15081.21473848  .00184218  00000-0  23149-2 0  9998
2 40430  51.6418 158.2323 0005920 130.2107 330.9187 15.58527578 12469
FLOCK 1D-1              
1 40451U 98067FU  15081.21076355  .00086007  00000-0  11071-2 0  9991
2 40451  51.6437 158.2008 0005427 110.9217 347.6674 15.58297588 12474
FLOCK 1D-2              
1 40452U 98067FV  15081.20518921  .00048704  00000-0  65221-3 0  9990
2 40452  51.6477 158.3232 0008725 132.7298 254.5714 15.57460586 12474
FLOCK 1B-5              
1 40453U 98067FW  15080.76855418  .00062671  00000-0  84028-3 0  9991
2 40453  51.6437 160.5364 0009351 136.4917 309.4789 15.57313330 12394
FLOCK 1B-6              
1 40454U 98067FX  15081.21235147  .00133716  00000-0  17003-2 0  9991
2 40454  51.6361 158.2064 0005963 115.4715 343.5050 15.58407409 12460
TECHEDSAT 4             
1 40455U 98067FY  15081.14885376  .00620911  00000-0  44044-2 0  9992
2 40455  51.6419 157.8242 0012628  46.3568  41.3583 15.71463051 12488
GEARRS-1                
1 40456U 98067FZ  15080.05793627  .00047804  00000-0  64286-3 0  9994
2 40456  51.6490 164.0873 0007054  89.9443 334.6123 15.57370500 12309
MICROMAS                
1 40457U 98067GA  15078.65908178  .00133966  00000-0  17181-2 0  9993
2 40457  51.6423 171.0496 0009825 136.0870  19.1610 15.58145760 12069
LAMBDASAT               
1 40458U 98067GB  15078.51132846  .00233269  00000-0  27562-2 0  9991
2 40458  51.6514 171.7247 0008390 134.4523 315.6866 15.59958078 12045
FLOCK 1B-11             
1 40459U 98067GC  15081.20904899  .00053145  00000-0  71524-3 0  9998
2 40459  51.6477 158.3510 0006252 138.3363 250.1683 15.57310099 12489
FLOCK 1B-12             
1 40460U 98067GD  15081.21050321  .00041367  00000-0  56200-3 0  9990
2 40460  51.6462 158.3482 0005776 124.0882 267.6519 15.57170893 12488
