COSMOS 2503             
1 40420U 15009A   15081.25892949 -.00000061  00000-0  00000+0 0  9995
2 40420  97.6361  40.9349 0009986 210.5514 294.5693 15.03385339  3442
SL-4 R/B                
1 40421U 15009B   15081.23365033  .00057400  00000-0  70601-3 0  9999
2 40421  97.6403  42.2096 0150727 345.8660  13.8368 15.47530517  3526
FLOCK 1B-27             
1 40422U 98067FN  15081.06966594  .00050430  00000-0  64128-3 0  9998
2 40422  51.6464 158.8277 0003972 107.5310 322.1635 15.58856660 12449
FLOCK 1B-28             
1 40423U 98067FP  15081.07387950  .00056496  00000-0  72770-3 0  9993
2 40423  51.6453 158.8514 0004654 120.1940 312.0795 15.58464502 12445
ABS-3A                  
1 40424U 15010A   15083.49695446 -.00000301  00000-0  00000+0 0  9999
2 40424  20.6501  47.0788 8005099 175.7043 203.5487  1.12183872   262
EUTELSAT 115 WEST B     
1 40425U 15010C   15083.37962783 -.00000295  00000-0  00000+0 0  9990
2 40425  21.3300  46.7777 7831729 175.6821 202.3856  1.12803919   258
FALCON 9 R/B            
1 40426U 15010C   15077.18472535 -.00000231  00000-0  37838-3 0  9997
2 40426  25.0711  46.7286 8236847 175.2915 207.7363  1.16064239   184
FLOCK 1B-21             
1 40427U 98067FQ  15081.07172406  .00043279  00000-0  54767-3 0  9996
2 40427  51.6469 158.8394 0005909  87.3904 344.4954 15.59043538 12472
FLOCK 1B-22             
1 40428U 98067FR  15081.07974775  .00052150  00000-0  68663-3 0  9994
2 40428  51.6460 158.9021 0005724  91.1699 336.4528 15.57907712 12470
FLOCK 1B-10             
1 40429U 98067FS  15081.14621686  .00073046  00000-0  94078-3 0  9999
2 40429  51.6460 158.5571 0007217 136.9272 309.9642 15.58341718 12450
FLOCK 1B-9              
1 40430U 98067FT  15081.21473848  .00184218  00000-0  23149-2 0  9998
2 40430  51.6418 158.2323 0005920 130.2107 330.9187 15.58527578 12469
FLOCK 1D-1              
1 40451U 98067FU  15081.21076355  .00086007  00000-0  11071-2 0  9991
2 40451  51.6437 158.2008 0005427 110.9217 347.6674 15.58297588 12474
FLOCK 1D-2              
1 40452U 98067FV  15081.20518921  .00048704  00000-0  65221-3 0  9990
2 40452  51.6477 158.3232 0008725 132.7298 254.5714 15.57460586 12474
FLOCK 1B-5              
1 40453U 98067FW  15080.76855418  .00062671  00000-0  84028-3 0  9991
2 40453  51.6437 160.5364 0009351 136.4917 309.4789 15.57313330 12394
FLOCK 1B-6              
1 40454U 98067FX  15081.21235147  .00133716  00000-0  17003-2 0  9991
2 40454  51.6361 158.2064 0005963 115.4715 343.5050 15.58407409 12460
TECHEDSAT 4             
1 40455U 98067FY  15081.14885376  .00620911  00000-0  44044-2 0  9992
2 40455  51.6419 157.8242 0012628  46.3568  41.3583 15.71463051 12488
GEARRS-1                
1 40456U 98067FZ  15080.05793627  .00047804  00000-0  64286-3 0  9994
2 40456  51.6490 164.0873 0007054  89.9443 334.6123 15.57370500 12309
MICROMAS                
1 40457U 98067GA  15078.65908178  .00133966  00000-0  17181-2 0  9993
2 40457  51.6423 171.0496 0009825 136.0870  19.1610 15.58145760 12069
LAMBDASAT               
1 40458U 98067GB  15078.51132846  .00233269  00000-0  27562-2 0  9991
2 40458  51.6514 171.7247 0008390 134.4523 315.6866 15.59958078 12045
FLOCK 1B-11             
1 40459U 98067GC  15081.20904899  .00053145  00000-0  71524-3 0  9998
2 40459  51.6477 158.3510 0006252 138.3363 250.1683 15.57310099 12489
FLOCK 1B-12             
1 40460U 98067GD  15081.21050321  .00041367  00000-0  56200-3 0  9990
2 40460  51.6462 158.3482 0005776 124.0882 267.6519 15.57170893 12488
MMS 1                   
1 40482U 15011A   15077.07148052 -.00000320  00000-0  00000+0 0  9998
2 40482  28.8951  31.4394 8337234  20.2943 358.2755  1.01867846    58
MMS 2                   
1 40483U 15011B   15079.03817200 -.00000377  00000-0  00000+0 0  9997
2 40483  28.8801  31.1802 8339292  20.6846 358.3753  1.01824054    71
MMS 3                   
1 40484U 15011C   15077.07549246 -.00000326  00000-0  00000+0 0  9996
2 40484  28.8664  31.4356 8339152  20.2663 358.4501  1.01795714    54
MMS 4                   
1 40485U 15011D   15079.04188529 -.00000381  00000-0  00000+0 0  9990
2 40485  28.8703  31.1943 8339034  20.6816 358.3600  1.01768295    76
ATLAS 5 CENTAUR R/B     
1 40486U 15011E   15079.45635357 -.00000337  00000-0  00000+0 0  9993
2 40486  28.5728  31.3778 8309274  19.0485 358.4607  1.09703037    86
EXPRESS-AM7             
1 40505U 15012A   15079.56704421  .00000018  00000-0  10000-3 0  9997
2 40505  19.9277 155.8240 5627193   0.3005   0.0677  1.96161195    28
2015-012B               
1 40506U 15012B   15080.44077152 -.00000196  00000-0  00000+0 0  9994
2 40506  20.0238 156.0785 5791929   5.0291 358.8601  2.11112862    42
BREEZE-M DEB [TANK]     
1 40507U 15012C   15081.21779551  .00000028  00000-0  00000+0 0  9996
2 40507  49.4736 154.3286 5497774 355.2703   1.2252  4.76753533   159
