APRIZESAT 2             
1 28366U 04025A   15081.06564752  .00000289  00000-0  10672-3 0  9994
2 28366  98.3253  10.0367 0107651 338.7121  20.9603 14.36408562562135
SAUDICOMSAT 1           
1 28369U 04025D   15080.46365817  .00000501  00000-0  13381-3 0  9998
2 28369  98.0817  46.5671 0034594  31.8849 328.4432 14.51992486567968
SAUDICOMSAT 2           
1 28370U 04025E   15080.46211790  .00000347  00000-0  10530-3 0  9991
2 28370  98.1990  35.0843 0059189 127.6378 233.0206 14.46983261566059
APRIZESAT 1             
1 28372U 04025G   15080.89984417  .00000338  00000-0  98691-4 0  9998
2 28372  98.1463  40.3929 0047935  79.1556 345.3984 14.49227762567045
NANOSAT-1               
1 28493U 04049B   15081.10424561  .00000764  00000-0  12791-3 0  9991
2 28493  98.3131 125.8046 0005890  85.8473 326.9653 14.72747626550499
SAUDICOMSAT 7           
1 31119U 07012C   15080.48594454  .00000555  00000-0  11884-3 0  9992
2 31119  97.8471  69.6911 0061919 121.4295 239.2981 14.61117586422388
SAUDICOMSAT 6           
1 31121U 07012E   15080.49431625  .00000450  00000-0  10371-3 0  9990
2 31121  97.9035  59.7314 0077520 168.0632 309.6569 14.57946386421490
SAUDICOMSAT 5           
1 31124U 07012H   15080.53262325  .00000607  00000-0  12545-3 0  9996
2 31124  97.8189  75.8248 0053689  98.6017 262.1274 14.62774292422849
SAUDICOMSAT 3           
1 31125U 07012J   15081.06139644  .00000703  00000-0  13933-3 0  9992
2 31125  97.7940  82.5535 0045319  75.4765 285.1459 14.64441951423387
SAUDICOMSAT 4           
1 31127U 07012L   15080.47330461  .00000510  00000-0  11293-3 0  9991
2 31127  97.8738  64.9318 0069509 143.4629 217.1343 14.59638619421951
APRIZESAT 4             
1 35684U 09041D   15080.40312185  .00000781  00000-0  11281-3 0  9990
2 35684  98.0699   6.8506 0046967 214.3631 260.9118 14.78417360304124
APRIZESAT 3             
1 35686U 09041F   15080.84070543  .00001122  00000-0  12851-3 0  9993
2 35686  98.1871  39.4150 0075174 152.6910 207.8288 14.86125794305598
AISSAT 1                
1 36797U 10035C   15081.14739462  .00001698  00000-0  20711-3 0  9990
2 36797  98.0086 178.1392 0012462 140.9825 219.2290 14.84646665253869
